2020-11-20 16:25:13.933099
Ваше судоку:
-------------------------------------
| 2 | 0 | 0 | 0 | 0 | 0 | 0 | 0 | 1 | 
-------------------------------------
| 0 | 0 | 0 | 9 | 0 | 6 | 0 | 0 | 0 | 
-------------------------------------
| 0 | 0 | 0 | 8 | 0 | 1 | 7 | 2 | 0 | 
-------------------------------------
| 9 | 0 | 0 | 3 | 0 | 0 | 0 | 0 | 0 | 
-------------------------------------
| 0 | 0 | 8 | 0 | 0 | 0 | 2 | 0 | 4 | 
-------------------------------------
| 0 | 0 | 0 | 0 | 0 | 0 | 0 | 1 | 3 | 
-------------------------------------
| 1 | 0 | 3 | 0 | 0 | 5 | 0 | 0 | 9 | 
-------------------------------------
| 0 | 0 | 0 | 7 | 0 | 0 | 0 | 0 | 0 | 
-------------------------------------
| 0 | 4 | 6 | 2 | 0 | 0 | 0 | 0 | 0 | 
-------------------------------------
2020-11-20 16:25:44.420135
Решение:
-------------------------------------
| 2 | 6 | 5 | 4 | 7 | 3 | 8 | 9 | 1 | 
-------------------------------------
| 8 | 1 | 7 | 9 | 2 | 6 | 3 | 4 | 5 | 
-------------------------------------
| 3 | 9 | 4 | 8 | 5 | 1 | 7 | 2 | 6 | 
-------------------------------------
| 9 | 5 | 1 | 3 | 4 | 2 | 6 | 8 | 7 | 
-------------------------------------
| 6 | 3 | 8 | 1 | 9 | 7 | 2 | 5 | 4 | 
-------------------------------------
| 4 | 7 | 2 | 5 | 6 | 8 | 9 | 1 | 3 | 
-------------------------------------
| 1 | 2 | 3 | 6 | 8 | 5 | 4 | 7 | 9 | 
-------------------------------------
| 5 | 8 | 9 | 7 | 3 | 4 | 1 | 6 | 2 | 
-------------------------------------
| 7 | 4 | 6 | 2 | 1 | 9 | 5 | 3 | 8 | 
-------------------------------------




